{
 "camera_model": "OPENCV",
 "world_up": "+Z",
 "units": "meters",
 "convention_note": "UE (left-handed, Z-up, cm) converted via diag(1,-1,1)*0.01. Camera axes are OpenCV: +X right, +Y down, +Z forward. transform_matrix is camera-to-world.",
 "w": 128,
 "h": 128,
 "fl_x": 122.94285612615462,
 "fl_y": 122.94285612615462,
 "cx": 64.0,
 "cy": 64.0,
 "k1": 0.0,
 "k2": 0.0,
 "p1": 0.0,
 "p2": 0.0,
 "frames": [
  {
   "file_path": "images/train/cam_000.png",
   "transform_matrix": [
    [
     0.0,
     0.374606593415912,
     -0.9271838545667874,
     3.337861876440435
    ],
    [
     1.0,
     -0.0,
     0.0,
     0.0
    ],
    [
     0.0,
     -0.9271838545667874,
     -0.374606593415912,
     1.6985837362972833
    ],
    [
     0.0,
     0.0,
     0.0,
     1.0
    ]
   ],
   "split": "train",
   "fiducials_px": [
    [
     64.0,
     72.31566463258716
    ],
    [
     6.422281763128289,
     94.46651467404627
    ],
    [
     31.263157821916437,
     37.82473862717289
    ],
    [
     125.63250136542977,
     75.18280384216521
    ],
    [
     95.18167067923181,
     53.52377147034457
    ],
    [
     115.85828927526512,
     38.241695424207236
    ],
    [
     64.0,
     59.32821694218624
    ],
    [
     42.602244735712624,
     21.96612792056304
    ]
   ],
   "fiducials_vis": [
    false,
    true,
    true,
    true,
    true,
    true,
    true,
    true
   ],
   "location_cm": [
    333.7861876440435,
    0.0,
    169.85837362972833
   ],
   "basis_ue": [
    [
     -0.9271838545667874,
     -0.0,
     -0.374606593415912
    ],
    [
     0.0,
     -1.0,
     0.0
    ],
    [
     -0.374606593415912,
     0.0,
     0.9271838545667874
    ]
   ]
  },
  {
   "file_path": "images/heldout_gt/cam_001.png",
   "transform_matrix": [
    [
     0.25881904510252074,
     0.36184218327859785,
     -0.8955908308443075,
     3.224126991039507
    ],
    [
     0.9659258262890683,
     -0.09695532079701458,
     0.2399728398734504,
     -0.8639022235444215
    ],
    [
     0.0,
     -0.9271838545667874,
     -0.374606593415912,
     1.6985837362972833
    ],
    [
     0.0,
     0.0,
     0.0,
     1.0
    ]
   ],
   "split": "heldout",
   "fiducials_px": [
    [
     64.0,
     72.31566463258716
    ],
    [
     18.88346753637547,
     103.13304181037913
    ],
    [
     20.78043990968731,
     39.656279990510576
    ],
    [
     130.43914903817017,
     67.89081217398525
    ],
    [
     84.9419704669215,
     51.556222090821564
    ],
    [
     109.48695814994936,
     36.04357686770876
    ],
    [
     85.18627864035255,
     58.38162612854697
    ],
    [
     39.47032613311137,
     22.32199241372554
    ]
   ],
   "fiducials_vis": [
    false,
    true,
    true,
    false,
    true,
    true,
    true,
    true
   ],
   "location_cm": [
    322.4126991039507,
    86.39022235444214,
    169.85837362972833
   ],
   "basis_ue": [
    [
     -0.8955908308443075,
     0.25881904510252074,
     -0.36184218327859785
    ],
    [
     -0.2399728398734504,
     -0.9659258262890683,
     -0.09695532079701458
    ],
    [
     -0.374606593415912,
     0.0,
     0.9271838545667874
    ]
   ]
  },
  {
   "file_path": "images/train/cam_002.png",
   "transform_matrix": [
    [
     0.49999999999999994,
     0.32441882632332825,
     -0.8029647720336144,
     2.890673179321012
    ],
    [
     0.8660254037844387,
     -0.18730329670795598,
     0.46359192728339366,
     -1.668930938220217
    ],
    [
     0.0,
     -0.9271838545667874,
     -0.374606593415912,
     1.6985837362972833
    ],
    [
     0.0,
     0.0,
     0.0,
     1.0
    ]
   ],
   "split": "train",
   "fiducials_px": [
    [
     64.0,
     72.31566463258716
    ],
    [
     38.94249873968557,
     109.61057603534753
    ],
    [
     10.982282793260552,
     42.18494259603265
    ],
    [
     129.02907832106837,
     61.331868765168906
    ],
    [
     74.50875090657414,
     50.41739271170839
    ],
    [
     101.56489937943624,
     34.33028519300245
    ],
    [
     102.55121519625729,
     55.82256312099469
    ],
    [
     37.71453561647373,
     22.735386322588788
    ]
   ],
   "fiducials_vis": [
    false,
    true,
    true,
    false,
    true,
    true,
    true,
    true
   ],
   "location_cm": [
    289.06731793210116,
    166.8930938220217,
    169.85837362972833
   ],
   "basis_ue": [
    [
     -0.8029647720336144,
     0.49999999999999994,
     -0.32441882632332825
    ],
    [
     -0.46359192728339366,
     -0.8660254037844387,
     -0.18730329670795598
    ],
    [
     -0.374606593415912,
     0.0,
     0.9271838545667874
    ]
   ]
  },
  {
   "file_path": "images/train/cam_003.png",
   "transform_matrix": [
    [
     0.7071067811865475,
     0.26488686248158333,
     -0.6556179909708572,
     2.360224767495086
    ],
    [
     0.7071067811865476,
     -0.2648868624815833,
     0.655617990970857,
     -2.3602247674950854
    ],
    [
     0.0,
     -0.9271838545667874,
     -0.374606593415912,
     1.6985837362972833
    ],
    [
     0.0,
     0.0,
     0.0,
     1.0
    ]
   ],
   "split": "train",
   "fiducials_px": [
    [
     64.0,
     72.31566463258716
    ],
    [
     63.99999999999999,
     112.04157596902243
    ],
    [
     2.5259243997819922,
     45.52755794333913
    ],
    [
     123.50376988032177,
     55.87255373663984
    ],
    [
     64.0,
     50.04472983560915
    ],
    [
     92.72546530637723,
     33.06111002528739
    ],
    [
     113.90781413980585,
     52.3125111739526
    ],
    [
     37.678753055099506,
     23.18629199940048
    ]
   ],
   "fiducials_vis": [
    false,
    true,
    true,
    true,
    true,
    true,
    true,
    true
   ],
   "location_cm": [
    236.02247674950857,
    236.02247674950854,
    169.85837362972833
   ],
   "basis_ue": [
    [
     -0.655617990970857,
     0.7071067811865475,
     -0.26488686248158333
    ],
    [
     -0.6556179909708569,
     -0.7071067811865476,
     -0.2648868624815833
    ],
    [
     -0.37460659341591196,
     0.0,
     0.9271838545667874
    ]
   ]
  },
  {
   "file_path": "images/train/cam_004.png",
   "transform_matrix": [
    [
     0.8660254037844386,
     0.18730329670795604,
     -0.4635919272833938,
     1.6689309382202178
    ],
    [
     0.5000000000000001,
     -0.32441882632332825,
     0.8029647720336144,
     -2.890673179321012
    ],
    [
     0.0,
     -0.9271838545667874,
     -0.374606593415912,
     1.6985837362972833
    ],
    [
     0.0,
     0.0,
     0.0,
     1.0
    ]
   ],
   "split": "train",
   "fiducials_px": [
    [
     64.0,
     72.31566463258716
    ],
    [
     89.05750126031442,
     109.61057603534752
    ],
    [
     -3.475942772969404,
     49.78172303700768
    ],
    [
     115.49527179150016,
     51.54942755297312
    ],
    [
     53.49124909342587,
     50.417392711708374
    ],
    [
     83.36894172705206,
     32.19137626267582
    ],
    [
     119.055053240063,
     48.54085966712668
    ],
    [
     39.650337786420145,
     23.643914863224296
    ]
   ],
   "fiducials_vis": [
    false,
    true,
    false,
    true,
    false,
    true,
    true,
    true
   ],
   "location_cm": [
    166.89309382202177,
    289.06731793210116,
    169.85837362972833
   ],
   "basis_ue": [
    [
     -0.4635919272833937,
     0.8660254037844386,
     -0.18730329670795604
    ],
    [
     -0.8029647720336142,
     -0.5000000000000001,
     -0.32441882632332825
    ],
    [
     -0.37460659341591196,
     0.0,
     0.9271838545667874
    ]
   ]
  },
  {
   "file_path": "images/heldout_gt/cam_005.png",
   "transform_matrix": [
    [
     0.9659258262890683,
     0.09695532079701458,
     -0.2399728398734504,
     0.8639022235444215
    ],
    [
     0.25881904510252074,
     -0.36184218327859785,
     0.8955908308443075,
     -3.224126991039507
    ],
    [
     0.0,
     -0.9271838545667874,
     -0.374606593415912,
     1.6985837362972833
    ],
    [
     0.0,
     0.0,
     0.0,
     1.0
    ]
   ],
   "split": "heldout",
   "fiducials_px": [
    [
     63.99999999999999,
     72.31566463258716
    ],
    [
     109.11653246362454,
     103.13304181037913
    ],
    [
     -5.302946218876102,
     54.9422039820931
    ],
    [
     106.08818392086951,
     48.25917098200928
    ],
    [
     43.058029533078496,
     51.556222090821564
    ],
    [
     73.74178405819542,
     31.68480673673951
    ],
    [
     119.04146479631183,
     44.99482556932798
    ],
    [
     43.76282613778541,
     24.06654336334355
    ]
   ],
   "fiducials_vis": [
    false,
    true,
    false,
    true,
    false,
    true,
    true,
    true
   ],
   "location_cm": [
    86.39022235444214,
    322.4126991039507,
    169.85837362972833
   ],
   "basis_ue": [
    [
     -0.2399728398734504,
     0.9659258262890683,
     -0.09695532079701458
    ],
    [
     -0.8955908308443075,
     -0.25881904510252074,
     -0.36184218327859785
    ],
    [
     -0.374606593415912,
     0.0,
     0.9271838545667874
    ]
   ]
  },
  {
   "file_path": "images/train/cam_006.png",
   "transform_matrix": [
    [
     1.0,
     2.293803827831453e-17,
     -5.677363698581607e-17,
     2.0438509314893786e-16
    ],
    [
     6.123233995736766e-17,
     -0.374606593415912,
     0.9271838545667874,
     -3.337861876440435
    ],
    [
     0.0,
     -0.9271838545667874,
     -0.374606593415912,
     1.6985837362972833
    ],
    [
     0.0,
     0.0,
     0.0,
     1.0
    ]
   ],
   "split": "train",
   "fiducials_px": [
    [
     64.0,
     72.31566463258716
    ],
    [
     121.5777182368717,
     94.46651467404627
    ],
    [
     -0.6685963631763343,
     60.74376329710774
    ],
    [
     95.94033735276932,
     45.86523796861904
    ],
    [
     32.818329320768186,
     53.52377147034457
    ],
    [
     64.0,
     31.518533250619086
    ],
    [
     115.2795190082241,
     41.92528402761111
    ],
    [
     49.88427866208311,
     24.405520374369054
    ]
   ],
   "fiducials_vis": [
    false,
    true,
    false,
    true,
    false,
    true,
    true,
    true
   ],
   "location_cm": [
    2.0438509314893785e-14,
    333.7861876440435,
    169.85837362972833
   ],
   "basis_ue": [
    [
     -5.677363698581607e-17,
     1.0,
     -2.293803827831453e-17
    ],
    [
     -0.9271838545667874,
     -6.123233995736766e-17,
     -0.374606593415912
    ],
    [
     -0.374606593415912,
     0.0,
     0.9271838545667874
    ]
   ]
  },
  {
   "file_path": "images/train/cam_007.png",
   "transform_matrix": [
    [
     0.9659258262890683,
     -0.09695532079701462,
     0.23997283987345047,
     -0.8639022235444217
    ],
    [
     -0.25881904510252085,
     -0.36184218327859785,
     0.8955908308443075,
     -3.224126991039507
    ],
    [
     0.0,
     -0.9271838545667875,
     -0.374606593415912,
     1.6985837362972833
    ],
    [
     0.0,
     0.0,
     0.0,
     1.0
    ]
   ],
   "split": "train",
   "fiducials_px": [
    [
     64.0,
     72.31566463258716
    ],
    [
     126.56132787409155,
     85.4243118331701
    ],
    [
     12.643239358888415,
     66.45765180714302
    ],
    [
     85.42533216305246,
     44.24559059355691
    ],
    [
     22.985470263662833,
     56.42314876549389
    ],
    [
     54.25821594180458,
     31.68480673673951
    ],
    [
     109.02548588079236,
     39.41431162056247
    ],
    [
     57.54099138438646,
     24.614313003297298
    ]
   ],
   "fiducials_vis": [
    true,
    true,
    true,
    true,
    true,
    true,
    true,
    true
   ],
   "location_cm": [
    -86.39022235444217,
    322.4126991039507,
    169.85837362972833
   ],
   "basis_ue": [
    [
     0.23997283987345047,
     0.9659258262890683,
     0.09695532079701462
    ],
    [
     -0.8955908308443075,
     0.25881904510252085,
     -0.36184218327859785
    ],
    [
     -0.374606593415912,
     -0.0,
     0.9271838545667875
    ]
   ]
  },
  {
   "file_path": "images/train/cam_008.png",
   "transform_matrix": [
    [
     0.8660254037844387,
     -0.18730329670795595,
     0.46359192728339355,
     -1.6689309382202169
    ],
    [
     -0.49999999999999983,
     -0.32441882632332825,
     0.8029647720336144,
     -2.890673179321012
    ],
    [
     0.0,
     -0.9271838545667874,
     -0.374606593415912,
     1.6985837362972833
    ],
    [
     0.0,
     0.0,
     0.0,
     1.0
    ]
   ],
   "split": "train",
   "fiducials_px": [
    [
     64.00000000000001,
     72.31566463258716
    ],
    [
     125.67435413651674,
     77.16746324579215
    ],
    [
     35.18601021365447,
     70.83008346140595
    ],
    [
     74.74371775273022,
     43.30993317030423
    ],
    [
     13.942177909353504,
     60.39110815791388
    ],
    [
     44.631058272947975,
     32.191376262675824
    ],
    [
     101.21358398579713,
     37.453591327542014
    ],
    [
     65.93904826830466,
     24.660773723051555
    ]
   ],
   "fiducials_vis": [
    true,
    true,
    true,
    true,
    true,
    true,
    true,
    true
   ],
   "location_cm": [
    -166.89309382202168,
    289.06731793210116,
    169.85837362972833
   ],
   "basis_ue": [
    [
     0.46359192728339355,
     0.8660254037844387,
     0.18730329670795595
    ],
    [
     -0.8029647720336144,
     0.49999999999999983,
     -0.32441882632332825
    ],
    [
     -0.374606593415912,
     -0.0,
     0.9271838545667874
    ]
   ]
  },
  {
   "file_path": "images/heldout_gt/cam_009.png",
   "transform_matrix": [
    [
     0.7071067811865476,
     -0.2648868624815833,
     0.655617990970857,
     -2.3602247674950854
    ],
    [
     -0.7071067811865475,
     -0.26488686248158333,
     0.6556179909708572,
     -2.360224767495086
    ],
    [
     0.0,
     -0.9271838545667874,
     -0.374606593415912,
     1.6985837362972833
    ],
    [
     0.0,
     0.0,
     0.0,
     1.0
    ]
   ],
   "split": "heldout",
   "fiducials_px": [
    [
     64.0,
     72.31566463258716
    ],
    [
     120.77426190755882,
     70.20370458844782
    ],
    [
     63.99999999999999,
     72.49413313899278
    ],
    [
     64.0,
     43.0040415717875
    ],
    [
     6.344157638413755,
     65.57500864736815
    ],
    [
     35.2745346936228,
     33.06111002528739
    ],
    [
     92.47371483945861,
     35.99909894346587
    ],
    [
     74.11191917686496,
     24.53737774765873
    ]
   ],
   "fiducials_vis": [
    false,
    true,
    true,
    true,
    true,
    true,
    true,
    true
   ],
   "location_cm": [
    -236.02247674950854,
    236.02247674950857,
    169.85837362972833
   ],
   "basis_ue": [
    [
     0.6556179909708569,
     0.7071067811865476,
     0.2648868624815833
    ],
    [
     -0.655617990970857,
     0.7071067811865475,
     -0.26488686248158333
    ],
    [
     -0.37460659341591196,
     -0.0,
     0.9271838545667874
    ]
   ]
  },
  {
   "file_path": "images/train/cam_010.png",
   "transform_matrix": [
    [
     0.49999999999999994,
     -0.32441882632332825,
     0.8029647720336144,
     -2.890673179321012
    ],
    [
     -0.8660254037844387,
     -0.18730329670795598,
     0.46359192728339366,
     -1.668930938220217
    ],
    [
     0.0,
     -0.9271838545667874,
     -0.374606593415912,
     1.6985837362972833
    ],
    [
     0.0,
     0.0,
     0.0,
     1.0
    ]
   ],
   "split": "train",
   "fiducials_px": [
    [
     64.0,
     72.31566463258716
    ],
    [
     113.36877694933084,
     64.62939006668704
    ],
    [
     92.81398978634552,
     70.83008346140593
    ],
    [
     53.256282247269795,
     43.30993317030423
    ],
    [
     1.2465359798848965,
     72.07364760652518
    ],
    [
     26.435100620563766,
     34.33028519300245
    ],
    [
     83.20700712107927,
     35.001374180635445
    ],
    [
     81.14673482655144,
     24.263811361890156
    ]
   ],
   "fiducials_vis": [
    false,
    true,
    true,
    true,
    true,
    true,
    true,
    true
   ],
   "location_cm": [
    -289.06731793210116,
    166.8930938220217,
    169.85837362972833
   ],
   "basis_ue": [
    [
     0.8029647720336144,
     0.49999999999999994,
     0.32441882632332825
    ],
    [
     -0.46359192728339366,
     0.8660254037844387,
     -0.18730329670795598
    ],
    [
     -0.374606593415912,
     -0.0,
     0.9271838545667874
    ]
   ]
  },
  {
   "file_path": "images/train/cam_011.png",
   "transform_matrix": [
    [
     0.258819045102521,
     -0.36184218327859785,
     0.8955908308443075,
     -3.224126991039507
    ],
    [
     -0.9659258262890683,
     -0.09695532079701469,
     0.23997283987345064,
     -0.8639022235444224
    ],
    [
     0.0,
     -0.9271838545667875,
     -0.374606593415912,
     1.6985837362972833
    ],
    [
     0.0,
     0.0,
     0.0,
     1.0
    ]
   ],
   "split": "train",
   "fiducials_px": [
    [
     63.99999999999999,
     72.31566463258716
    ],
    [
     104.49798533633134,
     60.35090973972962
    ],
    [
     115.35676064111158,
     66.45765180714302
    ],
    [
     42.57466783694754,
     44.2455905935569
    ],
    [
     0.1973596740285828,
     79.81173958419976
    ],
    [
     18.513041850050648,
     36.04357686770875
    ],
    [
     73.66262846060997,
     34.41988290260304
    ],
    [
     86.38537781623029,
     23.880351712044423
    ]
   ],
   "fiducials_vis": [
    true,
    true,
    true,
    true,
    true,
    true,
    true,
    true
   ],
   "location_cm": [
    -322.4126991039507,
    86.39022235444223,
    169.85837362972833
   ],
   "basis_ue": [
    [
     0.8955908308443075,
     0.258819045102521,
     0.36184218327859785
    ],
    [
     -0.23997283987345064,
     0.9659258262890683,
     -0.09695532079701469
    ],
    [
     -0.374606593415912,
     -0.0,
     0.9271838545667875
    ]
   ]
  },
  {
   "file_path": "images/train/cam_012.png",
   "transform_matrix": [
    [
     1.2246467991473532e-16,
     -0.374606593415912,
     0.9271838545667874,
     -3.337861876440435
    ],
    [
     -1.0,
     -4.587607655662906e-17,
     1.1354727397163214e-16,
     -4.087701862978757e-16
    ],
    [
     0.0,
     -0.9271838545667874,
     -0.374606593415912,
     1.6985837362972833
    ],
    [
     0.0,
     0.0,
     0.0,
     1.0
    ]
   ],
   "split": "train",
   "fiducials_px": [
    [
     64.0,
     72.31566463258716
    ],
    [
     94.81569395569404,
     57.218206847341946
    ],
    [
     128.66859636317633,
     60.74376329710774
    ],
    [
     32.059662647230695,
     45.86523796861904
    ],
    [
     5.131297203515317,
     88.32685882891286
    ],
    [
     12.141710724734871,
     38.241695424207236
    ],
    [
     64.0,
     34.22895740521585
    ],
    [
     89.51522234369563,
     23.435922705927723
    ]
   ],
   "fiducials_vis": [
    false,
    false,
    false,
    true,
    true,
    true,
    true,
    true
   ],
   "location_cm": [
    -333.7861876440435,
    4.087701862978757e-14,
    169.85837362972833
   ],
   "basis_ue": [
    [
     0.9271838545667874,
     1.2246467991473532e-16,
     0.374606593415912
    ],
    [
     -1.1354727397163214e-16,
     1.0,
     -4.587607655662906e-17
    ],
    [
     -0.374606593415912,
     -0.0,
     0.9271838545667874
    ]
   ]
  },
  {
   "file_path": "images/heldout_gt/cam_013.png",
   "transform_matrix": [
    [
     -0.2588190451025208,
     -0.36184218327859785,
     0.8955908308443075,
     -3.224126991039507
    ],
    [
     -0.9659258262890683,
     0.0969553207970146,
     -0.23997283987345044,
     0.8639022235444216
    ],
    [
     0.0,
     -0.9271838545667874,
     -0.374606593415912,
     1.6985837362972833
    ],
    [
     0.0,
     0.0,
     0.0,
     1.0
    ]
   ],
   "split": "heldout",
   "fiducials_px": [
    [
     64.0,
     72.31566463258716
    ],
    [
     84.70837697713078,
     55.08922012870761
    ],
    [
     133.30294621887612,
     54.94220398209309
    ],
    [
     21.911816079130496,
     48.25917098200928
    ],
    [
     17.75976098306044,
     96.52873585876291
    ],
    [
     8.2673410573259,
     40.934928755419335
    ],
    [
     54.33737153939004,
     34.41988290260304
    ],
    [
     90.53899105306519,
     22.976821500550166
    ]
   ],
   "fiducials_vis": [
    false,
    true,
    false,
    true,
    true,
    true,
    true,
    true
   ],
   "location_cm": [
    -322.4126991039507,
    -86.39022235444216,
    169.85837362972833
   ],
   "basis_ue": [
    [
     0.8955908308443075,
     -0.2588190451025208,
     0.36184218327859785
    ],
    [
     0.23997283987345044,
     0.9659258262890683,
     0.0969553207970146
    ],
    [
     -0.374606593415912,
     0.0,
     0.9271838545667874
    ]
   ]
  },
  {
   "file_path": "images/train/cam_014.png",
   "transform_matrix": [
    [
     -0.5000000000000001,
     -0.32441882632332825,
     0.8029647720336144,
     -2.890673179321012
    ],
    [
     -0.8660254037844386,
     0.18730329670795604,
     -0.4635919272833938,
     1.6689309382202178
    ],
    [
     0.0,
     -0.9271838545667874,
     -0.374606593415912,
     1.6985837362972833
    ],
    [
     0.0,
     0.0,
     0.0,
     1.0
    ]
   ],
   "split": "train",
   "fiducials_px": [
    [
     64.0,
     72.31566463258716
    ],
    [
     74.39507986699071,
     53.85580254733191
    ],
    [
     131.4759427729694,
     49.78172303700768
    ],
    [
     12.504728208499849,
     51.54942755297312
    ],
    [
     38.27165635789824,
     102.68506626075072
    ],
    [
     8.172517561422175,
     44.054680141323146
    ],
    [
     44.792992878920714,
     35.00137418063544
    ],
    [
     89.67448255715345,
     22.539961026499007
    ]
   ],
   "fiducials_vis": [
    false,
    false,
    false,
    true,
    true,
    true,
    true,
    true
   ],
   "location_cm": [
    -289.06731793210116,
    -166.89309382202177,
    169.85837362972833
   ],
   "basis_ue": [
    [
     0.8029647720336142,
     -0.5000000000000001,
     0.32441882632332825
    ],
    [
     0.4635919272833937,
     0.8660254037844386,
     0.18730329670795604
    ],
    [
     -0.37460659341591196,
     0.0,
     0.9271838545667874
    ]
   ]
  },
  {
   "file_path": "images/train/cam_015.png",
   "transform_matrix": [
    [
     -0.7071067811865475,
     -0.26488686248158333,
     0.6556179909708572,
     -2.360224767495086
    ],
    [
     -0.7071067811865476,
     0.2648868624815833,
     -0.655617990970857,
     2.3602247674950854
    ],
    [
     0.0,
     -0.9271838545667874,
     -0.374606593415912,
     1.6985837362972833
    ],
    [
     0.0,
     0.0,
     0.0,
     1.0
    ]
   ],
   "split": "train",
   "fiducials_px": [
    [
     64.0,
     72.31566463258716
    ],
    [
     64.0,
     53.452004394539124
    ],
    [
     125.47407560021801,
     45.52755794333913
    ],
    [
     4.496230119678238,
     55.87255373663984
    ],
    [
     63.99999999999999,
     105.00130652856754
    ],
    [
     13.313577123206919,
     47.382899560618405
    ],
    [
     35.5262851605414,
     35.99909894346587
    ],
    [
     87.2450868365935,
     22.15100862102193
    ]
   ],
   "fiducials_vis": [
    true,
    false,
    true,
    true,
    true,
    true,
    true,
    true
   ],
   "location_cm": [
    -236.02247674950857,
    -236.02247674950854,
    169.85837362972833
   ],
   "basis_ue": [
    [
     0.655617990970857,
     -0.7071067811865475,
     0.26488686248158333
    ],
    [
     0.6556179909708569,
     0.7071067811865476,
     0.2648868624815833
    ],
    [
     -0.37460659341591196,
     0.0,
     0.9271838545667874
    ]
   ]
  },
  {
   "file_path": "images/train/cam_016.png",
   "transform_matrix": [
    [
     -0.8660254037844384,
     -0.18730329670795617,
     0.4635919272833941,
     -1.6689309382202189
    ],
    [
     -0.5000000000000004,
     0.32441882632332814,
     -0.802964772033614,
     2.8906731793210105
    ],
    [
     0.0,
     -0.9271838545667874,
     -0.374606593415912,
     1.6985837362972833
    ],
    [
     0.0,
     0.0,
     0.0,
     1.0
    ]
   ],
   "split": "train",
   "fiducials_px": [
    [
     64.0,
     72.31566463258716
    ],
    [
     53.604920133009294,
     53.85580254733192
    ],
    [
     117.01771720673946,
     42.184942596032656
    ],
    [
     -1.0290783210683685,
     61.33186876516888
    ],
    [
     89.72834364210172,
     102.68506626075073
    ],
    [
     24.790824240027852,
     50.48955236711308
    ],
    [
     26.786416014202914,
     37.453591327542
    ],
    [
     83.59744732535756,
     21.825742378538052
    ]
   ],
   "fiducials_vis": [
    true,
    false,
    true,
    false,
    true,
    true,
    true,
    true
   ],
   "location_cm": [
    -166.89309382202188,
    -289.06731793210105,
    169.85837362972833
   ],
   "basis_ue": [
    [
     0.4635919272833941,
     -0.8660254037844384,
     0.18730329670795617
    ],
    [
     0.802964772033614,
     0.5000000000000004,
     0.32441882632332814
    ],
    [
     -0.374606593415912,
     0.0,
     0.9271838545667874
    ]
   ]
  },
  {
   "file_path": "images/heldout_gt/cam_017.png",
   "transform_matrix": [
    [
     -0.9659258262890683,
     -0.09695532079701454,
     0.23997283987345028,
     -0.863902223544421
    ],
    [
     -0.25881904510252063,
     0.36184218327859785,
     -0.8955908308443075,
     3.224126991039507
    ],
    [
     0.0,
     -0.9271838545667874,
     -0.374606593415912,
     1.6985837362972833
    ],
    [
     0.0,
     0.0,
     0.0,
     1.0
    ]
   ],
   "split": "heldout",
   "fiducials_px": [
    [
     64.0,
     72.31566463258716
    ],
    [
     43.2916230228692,
     55.08922012870761
    ],
    [
     107.21956009031268,
     39.656279990510576
    ],
    [
     -2.4391490381702,
     67.89081217398527
    ],
    [
     110.24023901693957,
     96.52873585876293
    ],
    [
     42.429426816185284,
     52.76017032020583
    ],
    [
     18.974514119207626,
     39.41431162056248
    ],
    [
     79.05491704690441,
     21.57269965723927
    ]
   ],
   "fiducials_vis": [
    true,
    false,
    true,
    false,
    true,
    true,
    true,
    true
   ],
   "location_cm": [
    -86.3902223544421,
    -322.4126991039507,
    169.85837362972833
   ],
   "basis_ue": [
    [
     0.23997283987345028,
     -0.9659258262890683,
     0.09695532079701454
    ],
    [
     0.8955908308443075,
     0.25881904510252063,
     0.36184218327859785
    ],
    [
     -0.374606593415912,
     0.0,
     0.9271838545667874
    ]
   ]
  },
  {
   "file_path": "images/train/cam_018.png",
   "transform_matrix": [
    [
     -1.0,
     -6.881411483494359e-17,
     1.7032091095744818e-16,
     -6.131552794468135e-16
    ],
    [
     -1.8369701987210297e-16,
     0.374606593415912,
     -0.9271838545667874,
     3.337861876440435
    ],
    [
     0.0,
     -0.9271838545667874,
     -0.374606593415912,
     1.6985837362972833
    ],
    [
     0.0,
     0.0,
     0.0,
     1.0
    ]
   ],
   "split": "train",
   "fiducials_px": [
    [
     64.0,
     72.31566463258716
    ],
    [
     33.18430604430597,
     57.218206847341946
    ],
    [
     96.73684217808358,
     37.82473862717289
    ],
    [
     2.367498634570225,
     75.1828038421652
    ],
    [
     122.86870279648468,
     88.32685882891288
    ],
    [
     63.999999999999986,
     53.60127885418645
    ],
    [
     12.7204809917759,
     41.92528402761111
    ],
    [
     73.90007537425856,
     21.395837802617123
    ]
   ],
   "fiducials_vis": [
    true,
    false,
    true,
    true,
    true,
    true,
    true,
    true
   ],
   "location_cm": [
    -6.131552794468134e-14,
    -333.7861876440435,
    169.85837362972833
   ],
   "basis_ue": [
    [
     1.7032091095744818e-16,
     -1.0,
     6.881411483494359e-17
    ],
    [
     0.9271838545667874,
     1.8369701987210297e-16,
     0.374606593415912
    ],
    [
     -0.374606593415912,
     0.0,
     0.9271838545667874
    ]
   ]
  },
  {
   "file_path": "images/train/cam_019.png",
   "transform_matrix": [
    [
     -0.9659258262890684,
     0.09695532079701441,
     -0.23997283987344997,
     0.8639022235444199
    ],
    [
     0.2588190451025203,
     0.3618421832785979,
     -0.8955908308443076,
     3.2241269910395074
    ],
    [
     0.0,
     -0.9271838545667874,
     -0.374606593415912,
     1.6985837362972833
    ],
    [
     0.0,
     0.0,
     0.0,
     1.0
    ]
   ],
   "split": "train",
   "fiducials_px": [
    [
     64.0,
     72.31566463258716
    ],
    [
     23.50201466366869,
     60.35090973972961
    ],
    [
     85.9315339781675,
     36.58951241612977
    ],
    [
     15.33561696566246,
     82.28143195682706
    ],
    [
     127.8026403259714,
     79.81173958419977
    ],
    [
     85.57057318381467,
     52.76017032020583
    ],
    [
     8.958535203688179,
     44.99482556932797
    ],
    [
     68.37578906801423,
     21.29663108000642
    ]
   ],
   "fiducials_vis": [
    true,
    false,
    true,
    true,
    true,
    true,
    true,
    true
   ],
   "location_cm": [
    86.39022235444199,
    -322.41269910395073,
    169.85837362972833
   ],
   "basis_ue": [
    [
     -0.23997283987344997,
     -0.9659258262890684,
     -0.09695532079701441
    ],
    [
     0.8955908308443076,
     -0.2588190451025203,
     0.3618421832785979
    ],
    [
     -0.374606593415912,
     0.0,
     0.9271838545667874
    ]
   ]
  },
  {
   "file_path": "images/train/cam_020.png",
   "transform_matrix": [
    [
     -0.8660254037844386,
     0.18730329670795604,
     -0.4635919272833938,
     1.6689309382202178
    ],
    [
     0.5000000000000001,
     0.32441882632332825,
     -0.8029647720336144,
     2.890673179321012
    ],
    [
     0.0,
     -0.9271838545667874,
     -0.374606593415912,
     1.6985837362972833
    ],
    [
     0.0,
     0.0,
     0.0,
     1.0
    ]
   ],
   "split": "train",
   "fiducials_px": [
    [
     64.0,
     72.31566463258716
    ],
    [
     14.631223050669142,
     64.62939006668704
    ],
    [
     74.98943222964584,
     35.87737095148255
    ],
    [
     36.816116057973645,
     87.6586474653399
    ],
    [
     126.75346402011509,
     72.07364760652516
    ],
    [
     103.20917575997211,
     50.48955236711306
    ],
    [
     8.944946759936997,
     48.54085966712668
    ],
    [
     62.69622978534408,
     21.275467512213808
    ]
   ],
   "fiducials_vis": [
    true,
    true,
    true,
    true,
    true,
    true,
    true,
    true
   ],
   "location_cm": [
    166.89309382202177,
    -289.06731793210116,
    169.85837362972833
   ],
   "basis_ue": [
    [
     -0.4635919272833937,
     -0.8660254037844386,
     -0.18730329670795604
    ],
    [
     0.8029647720336142,
     -0.5000000000000001,
     0.32441882632332825
    ],
    [
     -0.37460659341591196,
     0.0,
     0.9271838545667874
    ]
   ]
  },
  {
   "file_path": "images/heldout_gt/cam_021.png",
   "transform_matrix": [
    [
     -0.7071067811865477,
     0.2648868624815832,
     -0.6556179909708569,
     2.360224767495085
    ],
    [
     0.7071067811865474,
     0.26488686248158333,
     -0.6556179909708572,
     2.360224767495086
    ],
    [
     0.0,
     -0.9271838545667874,
     -0.374606593415912,
     1.6985837362972833
    ],
    [
     0.0,
     0.0,
     0.0,
     1.0
    ]
   ],
   "split": "heldout",
   "fiducials_px": [
    [
     64.00000000000001,
     72.31566463258716
    ],
    [
     7.225738092441198,
     70.20370458844783
    ],
    [
     64.00000000000001,
     35.64478078278208
    ],
    [
     63.99999999999998,
     89.69274706484342
    ],
    [
     121.65584236158625,
     65.57500864736815
    ],
    [
     114.6864228767931,
     47.38289956061842
    ],
    [
     14.092185860194142,
     52.31251117395261
    ],
    [
     57.062430418049686,
     21.332390435161706
    ]
   ],
   "fiducials_vis": [
    true,
    true,
    true,
    true,
    true,
    true,
    true,
    true
   ],
   "location_cm": [
    236.02247674950848,
    -236.02247674950857,
    169.85837362972833
   ],
   "basis_ue": [
    [
     -0.6556179909708569,
     -0.7071067811865477,
     -0.2648868624815832
    ],
    [
     0.6556179909708572,
     -0.7071067811865474,
     0.26488686248158333
    ],
    [
     -0.374606593415912,
     0.0,
     0.9271838545667874
    ]
   ]
  },
  {
   "file_path": "images/train/cam_022.png",
   "transform_matrix": [
    [
     -0.5000000000000004,
     0.32441882632332814,
     -0.802964772033614,
     2.8906731793210105
    ],
    [
     0.8660254037844384,
     0.18730329670795617,
     -0.4635919272833941,
     1.6689309382202189
    ],
    [
     0.0,
     -0.9271838545667874,
     -0.374606593415912,
     1.6985837362972833
    ],
    [
     0.0,
     0.0,
     0.0,
     1.0
    ]
   ],
   "split": "train",
   "fiducials_px": [
    [
     64.0,
     72.31566463258716
    ],
    [
     2.3256458634832526,
     77.16746324579212
    ],
    [
     53.01056777035416,
     35.87737095148255
    ],
    [
     91.18388394202631,
     87.65864746533993
    ],
    [
     114.05782209064651,
     60.391108157913884
    ],
    [
     119.82748243857782,
     44.05468014132316
    ],
    [
     25.448784803742655,
     55.82256312099469
    ],
    [
     51.67936272052444,
     21.46725201273223
    ]
   ],
   "fiducials_vis": [
    true,
    true,
    true,
    true,
    true,
    true,
    true,
    true
   ],
   "location_cm": [
    289.06731793210105,
    -166.89309382202188,
    169.85837362972833
   ],
   "basis_ue": [
    [
     -0.802964772033614,
     -0.5000000000000004,
     -0.32441882632332814
    ],
    [
     0.4635919272833941,
     -0.8660254037844384,
     0.18730329670795617
    ],
    [
     -0.374606593415912,
     0.0,
     0.9271838545667874
    ]
   ]
  },
  {
   "file_path": "images/train/cam_023.png",
   "transform_matrix": [
    [
     -0.2588190451025207,
     0.36184218327859785,
     -0.8955908308443075,
     3.224126991039507
    ],
    [
     0.9659258262890683,
     0.09695532079701456,
     -0.23997283987345033,
     0.8639022235444211
    ],
    [
     0.0,
     -0.9271838545667874,
     -0.374606593415912,
     1.6985837362972833
    ],
    [
     0.0,
     0.0,
     0.0,
     1.0
    ]
   ],
   "split": "train",
   "fiducials_px": [
    [
     64.0,
     72.31566463258716
    ],
    [
     1.4386721259084396,
     85.4243118331701
    ],
    [
     42.068466021832506,
     36.58951241612978
    ],
    [
     112.6643830343375,
     82.28143195682708
    ],
    [
     105.01452973633715,
     56.423148765493885
    ],
    [
     119.7326589426741,
     40.934928755419335
    ],
    [
     42.813721359647445,
     58.38162612854697
    ],
    [
     46.77259187201561,
     21.679296470491103
    ]
   ],
   "fiducials_vis": [
    true,
    true,
    true,
    true,
    true,
    true,
    true,
    true
   ],
   "location_cm": [
    322.4126991039507,
    -86.39022235444212,
    169.85837362972833
   ],
   "basis_ue": [
    [
     -0.8955908308443075,
     -0.2588190451025207,
     -0.36184218327859785
    ],
    [
     0.23997283987345033,
     -0.9659258262890683,
     0.09695532079701456
    ],
    [
     -0.374606593415912,
     0.0,
     0.9271838545667874
    ]
   ]
  },
  {
   "file_path": "images/train/cam_024.png",
   "transform_matrix": [
    [
     0.0,
     0.7431448254773942,
     -0.6691306063588583,
     2.40887018289189
    ],
    [
     1.0,
     -0.0,
     0.0,
     0.0
    ],
    [
     0.0,
     -0.6691306063588583,
     -0.7431448254773942,
     3.025321371718619
    ],
    [
     0.0,
     0.0,
     0.0,
     1.0
    ]
   ],
   "split": "train",
   "fiducials_px": [
    [
     64.0,
     69.84413423152245
    ],
    [
     13.91587133320835,
     106.80523162123114
    ],
    [
     27.06383572285283,
     25.22331822809192
    ],
    [
     120.49823959208172,
     98.1103949605089
    ],
    [
     97.22694606142862,
     40.23394890826355
    ],
    [
     120.56926894426161,
     43.72202005538334
    ],
    [
     64.0,
     98.14313804150899
    ],
    [
     38.96176402868312,
     22.58493638226703
    ]
   ],
   "fiducials_vis": [
    true,
    true,
    true,
    true,
    true,
    true,
    true,
    true
   ],
   "location_cm": [
    240.88701828918897,
    0.0,
    302.5321371718619
   ],
   "basis_ue": [
    [
     -0.6691306063588582,
     -0.0,
     -0.7431448254773942
    ],
    [
     0.0,
     -1.0,
     0.0
    ],
    [
     -0.7431448254773941,
     0.0,
     0.6691306063588583
    ]
   ]
  },
  {
   "file_path": "images/heldout_gt/cam_025.png",
   "transform_matrix": [
    [
     0.2588190451025208,
     0.7178227796016974,
     -0.6463305338424855,
     2.3267899218329475
    ],
    [
     0.9659258262890683,
     -0.1923400341029386,
     0.1731837445866704,
     -0.6234614805120134
    ],
    [
     0.0,
     -0.6691306063588583,
     -0.7431448254773942,
     3.025321371718619
    ],
    [
     0.0,
     0.0,
     0.0,
     1.0
    ]
   ],
   "split": "heldout",
   "fiducials_px": [
    [
     64.0,
     69.84413423152245
    ],
    [
     26.273967025048798,
     118.50959775041494
    ],
    [
     15.932395795150349,
     31.33988923934698
    ],
    [
     127.47876941494334,
     84.01063068945999
    ],
    [
     86.57738199691156,
     35.82939456013311
    ],
    [
     114.60887690437417,
     35.141144249485556
    ],
    [
     84.13836278012923,
     95.68018433801322
    ],
    [
     35.503498184437575,
     26.30061055415939
    ]
   ],
   "fiducials_vis": [
    false,
    true,
    true,
    true,
    true,
    true,
    true,
    true
   ],
   "location_cm": [
    232.67899218329475,
    62.34614805120134,
    302.5321371718619
   ],
   "basis_ue": [
    [
     -0.6463305338424854,
     0.25881904510252074,
     -0.7178227796016974
    ],
    [
     -0.17318374458667038,
     -0.9659258262890682,
     -0.1923400341029386
    ],
    [
     -0.7431448254773941,
     0.0,
     0.6691306063588583
    ]
   ]
  },
  {
   "file_path": "images/train/cam_026.png",
   "transform_matrix": [
    [
     0.49999999999999994,
     0.6435822975543766,
     -0.5794841035564566,
     2.086142772803244
    ],
    [
     0.8660254037844387,
     -0.37157241273869707,
     0.3345653031794291,
     -1.2044350914459445
    ],
    [
     0.0,
     -0.6691306063588583,
     -0.7431448254773942,
     3.025321371718619
    ],
    [
     0.0,
     0.0,
     0.0,
     1.0
    ]
   ],
   "split": "train",
   "fiducials_px": [
    [
     63.99999999999999,
     69.84413423152245
    ],
    [
     43.63614610450473,
     126.68273991002346
    ],
    [
     6.174554023938704,
     39.503177552614986
    ],
    [
     128.587043585809,
     70.26982314639824
    ],
    [
     75.40685714388937,
     33.23247287046422
    ],
    [
     106.45482726331937,
     28.21176587673569
    ],
    [
     101.32524440391734,
     88.85223135290957
    ],
    [
     33.7168554836818,
     30.55039440537245
    ]
   ],
   "fiducials_vis": [
    false,
    true,
    true,
    false,
    true,
    true,
    true,
    true
   ],
   "location_cm": [
    208.61427728032436,
    120.44350914459446,
    302.5321371718619
   ],
   "basis_ue": [
    [
     -0.5794841035564565,
     0.49999999999999994,
     -0.6435822975543766
    ],
    [
     -0.33456530317942906,
     -0.8660254037844387,
     -0.37157241273869707
    ],
    [
     -0.7431448254773941,
     0.0,
     0.6691306063588583
    ]
   ]
  },
  {
   "file_path": "images/train/cam_027.png",
   "transform_matrix": [
    [
     0.7071067811865476,
     0.5254827454987588,
     -0.4731467892558151,
     1.7033284413209342
    ],
    [
     0.7071067811865476,
     -0.5254827454987588,
     0.47314678925581505,
     -1.703328441320934
    ],
    [
     0.0,
     -0.6691306063588583,
     -0.7431448254773942,
     3.025321371718619
    ],
    [
     0.0,
     0.0,
     0.0,
     1.0
    ]
   ],
   "split": "train",
   "fiducials_px": [
    [
     63.99999999999999,
