{
 "camera_model": "OPENCV",
 "world_up": "+Z",
 "units": "meters",
 "convention_note": "UE (left-handed, Z-up, cm) converted via diag(1,-1,1)*0.01. Camera axes are OpenCV: +X right, +Y down, +Z forward. transform_matrix is camera-to-world.",
 "w": 96,
 "h": 96,
 "fl_x": 92.20714209461597,
 "fl_y": 92.20714209461597,
 "cx": 48.0,
 "cy": 48.0,
 "k1": 0.0,
 "k2": 0.0,
 "p1": 0.0,
 "p2": 0.0,
 "frames": [
  {
   "file_path": "images/train/cam_000.png",
   "transform_matrix": [
    [
     0.0,
     0.3090169943749475,
     -0.9510565162951536,
     3.4238034586625528
    ],
    [
     1.0,
     -0.0,
     0.0,
     0.0
    ],
    [
     0.0,
     -0.9510565162951536,
     -0.3090169943749475,
     1.4624611797498108
    ],
    [
     0.0,
     0.0,
     0.0,
     1.0
    ]
   ],
   "split": "train",
   "fiducials_px": [
    [
     48.0,
     54.42808616048559
    ],
    [
     4.101166981600372,
     68.52386396923052
    ],
    [
     23.794989295604196,
     29.969254312834785
    ],
    [
     94.46214396263065,
     53.15173275106836
    ],
    [
     71.26153346597896,
     41.733583884700806
    ],
    [
     86.32568467995371,
     28.4732720591018
    ],
    [
     48.0,
     39.724833823959685
    ],
    [
     32.327164456114104,
     17.00905501884738
    ]
   ],
   "fiducials_vis": [
    false,
    true,
    true,
    true,
    true,
    true,
    true,
    true
   ],
   "location_cm": [
    342.38034586625525,
    0.0,
    146.24611797498108
   ],
   "basis_ue": [
    [
     -0.9510565162951535,
     -0.0,
     -0.3090169943749475
    ],
    [
     0.0,
     -1.0,
     0.0
    ],
    [
     -0.30901699437494745,
     0.0,
     0.9510565162951536
    ]
   ]
  },
  {
   "file_path": "images/heldout_gt/cam_001.png",
   "transform_matrix": [
    [
     0.2588190451025208,
     0.2984874956289855,
     -0.918650051349999,
     3.307140184859996
    ],
    [
     0.9659258262890684,
     -0.07997948340457493,
     0.24615153938604162,
     -0.8861455417897497
    ],
    [
     0.0,
     -0.9510565162951536,
     -0.3090169943749475,
     1.4624611797498108
    ],
    [
     0.0,
     0.0,
     0.0,
     1.0
    ]
   ],
   "split": "heldout",
   "fiducials_px": [
    [
     47.99999999999999,
     54.42808616048559
    ],
    [
     13.442172820336936,
     74.24318995340732
    ],
    [
     16.01627893850089,
     30.910373659641163
    ],
    [
     97.90017202059124,
     48.82999186526941
    ],
    [
     63.606829054775616,
     40.52133873923309
    ],
    [
     81.58373856213376,
     27.504904309066486
    ],
    [
     63.811875807422496,
     39.25923841505342
    ],
    [
     30.031719935189248,
     16.960931826296964
    ]
   ],
   "fiducials_vis": [
    false,
    true,
    true,
    false,
    false,
    true,
    true,
    true
   ],
   "location_cm": [
    330.7140184859996,
    88.61455417897497,
    146.24611797498108
   ],
   "basis_ue": [
    [
     -0.9186500513499989,
     0.2588190451025208,
     -0.2984874956289855
    ],
    [
     -0.2461515393860416,
     -0.9659258262890684,
     -0.07997948340457493
    ],
    [
     -0.30901699437494745,
     0.0,
     0.9510565162951536
    ]
   ]
  },
  {
   "file_path": "images/train/cam_002.png",
   "transform_matrix": [
    [
     0.5,
     0.2676165673298175,
     -0.823639103546332,
     2.965100772766795
    ],
    [
     0.8660254037844387,
     -0.15450849718747373,
     0.47552825814757677,
     -1.7119017293312764
    ],
    [
     0.0,
     -0.9510565162951536,
     -0.30901699437494745,
     1.4624611797498108
    ],
    [
     0.0,
     0.0,
     0.0,
     1.0
    ]
   ],
   "split": "train",
   "fiducials_px": [
    [
     48.0,
     54.42808616048559
    ],
    [
     28.739899989884947,
     78.55273790727922
    ],
    [
     8.717866675018314,
     32.2124138894469
    ],
    [
     96.67894949876498,
     44.96996265174004
    ],
    [
     55.82695253055814,
     39.82080974245601
    ],
    [
     75.71340133066347,
     26.751450948230886
    ],
    [
     76.73719013030296,
     38.00259670227439
    ],
    [
     28.743760282023025,
     16.905019145466934
    ]
   ],
   "fiducials_vis": [
    false,
    true,
    true,
    false,
    true,
    true,
    true,
    true
   ],
   "location_cm": [
    296.5100772766795,
    171.19017293312763,
    146.24611797498108
   ],
   "basis_ue": [
    [
     -0.823639103546332,
     0.5,
     -0.2676165673298175
    ],
    [
     -0.47552825814757677,
     -0.8660254037844387,
     -0.15450849718747373
    ],
    [
     -0.30901699437494745,
     0.0,
     0.9510565162951536
    ]
   ]
  },
  {
   "file_path": "images/train/cam_003.png",
   "transform_matrix": [
    [
     0.7071067811865475,
     0.21850801222441057,
     -0.6724985119639574,
     2.4209946430702467
    ],
    [
     0.7071067811865476,
     -0.21850801222441055,
     0.6724985119639573,
     -2.4209946430702463
    ],
    [
     0.0,
     -0.9510565162951536,
     -0.30901699437494745,
     1.4624611797498108
    ],
    [
     0.0,
     0.0,
     0.0,
     1.0
    ]
   ],
   "split": "train",
   "fiducials_px": [
    [
     48.0,
     54.42808616048559
    ],
    [
     48.0,
     80.1778566166239
    ],
    [
     2.3793427240279073,
     33.93841393908341
    ],
    [
     92.42009731045067,
     41.77657305363078
    ],
    [
     48.00000000000001,
     39.591752265824134
    ],
    [
     69.18005167542559,
     26.194054195864535
    ],
    [
     85.1414752023332,
     36.28387357122673
    ],
    [
     28.71555615321352,
     16.844020825977985
    ]
   ],
   "fiducials_vis": [
    false,
    true,
    true,
    true,
    true,
    true,
    true,
    true
   ],
   "location_cm": [
    242.09946430702465,
    242.09946430702462,
    146.24611797498108
   ],
   "basis_ue": [
    [
     -0.6724985119639574,
     0.7071067811865475,
     -0.21850801222441057
    ],
    [
     -0.6724985119639573,
     -0.7071067811865476,
     -0.21850801222441055
    ],
    [
     -0.30901699437494745,
     0.0,
     0.9510565162951536
    ]
   ]
  },
  {
   "file_path": "images/train/cam_004.png",
   "transform_matrix": [
    [
     0.8660254037844386,
     0.15450849718747375,
     -0.4755282581475769,
     1.7119017293312768
    ],
    [
     0.5000000000000001,
     -0.2676165673298175,
     0.8236391035463319,
     -2.9651007727667946
    ],
    [
     0.0,
     -0.9510565162951536,
     -0.30901699437494745,
     1.4624611797498108
    ],
    [
     0.0,
     0.0,
     0.0,
     1.0
    ]
   ],
   "split": "train",
   "fiducials_px": [
    [
     47.99999999999999,
     54.42808616048559
    ],
    [
     67.26010001011502,
     78.55273790727924
    ],
    [
     -2.177065674278161,
     36.14312153802996
    ],
    [
     86.35796795113305,
     39.26025055445967
    ],
    [
     40.173047469441876,
     39.82080974245601
    ],
    [
     62.275660243018,
     25.81245108464577
    ],
    [
     88.89970121710144,
     34.443353087073355
    ],
    [
     30.158182143348622,
     16.782100930763676
    ]
   ],
   "fiducials_vis": [
    false,
    true,
    false,
    true,
    false,
    true,
    true,
    true
   ],
   "location_cm": [
    171.19017293312768,
    296.51007727667945,
    146.24611797498108
   ],
   "basis_ue": [
    [
     -0.4755282581475769,
     0.8660254037844386,
     -0.15450849718747375
    ],
    [
     -0.8236391035463319,
     -0.5000000000000001,
     -0.2676165673298175
    ],
    [
     -0.30901699437494745,
     0.0,
     0.9510565162951536
    ]
   ]
  },
  {
   "file_path": "images/heldout_gt/cam_005.png",
   "transform_matrix": [
    [
     0.9659258262890684,
     0.07997948340457493,
     -0.24615153938604162,
     0.8861455417897497
    ],
    [
     0.2588190451025208,
     -0.2984874956289855,
     0.918650051349999,
     -3.307140184859996
    ],
    [
     0.0,
     -0.9510565162951536,
     -0.3090169943749475,
     1.4624611797498108
    ],
    [
     0.0,
     0.0,
     0.0,
     1.0
    ]
   ],
   "split": "heldout",
   "fiducials_px": [
    [
     48.00000000000001,
     54.42808616048559
    ],
    [
     82.55782717966306,
     74.24318995340732
    ],
    [
     -3.663773052988631,
     38.82965175008124
    ],
    [
     79.29891059029083,
     37.352453540570686
    ],
    [
     32.393170945224384,
     40.52133873923309
    ],
    [
     55.17843940622244,
     25.590326701546754
    ],
    [
     88.82182678674823,
     32.71885047298032
    ],
    [
     33.170105899742694,
     16.724904516009403
    ]
   ],
   "fiducials_vis": [
    false,
    true,
    false,
    true,
    false,
    true,
    true,
    true
   ],
   "location_cm": [
    88.61455417897497,
    330.7140184859996,
    146.24611797498108
   ],
   "basis_ue": [
    [
     -0.2461515393860416,
     0.9659258262890684,
     -0.07997948340457493
    ],
    [
     -0.9186500513499989,
     -0.2588190451025208,
     -0.2984874956289855
    ],
    [
     -0.30901699437494745,
     0.0,
     0.9510565162951536
    ]
   ]
  },
  {
   "file_path": "images/train/cam_006.png",
   "transform_matrix": [
    [
     1.0,
     1.8921833652170756e-17,
     -5.823541592445463e-17,
     2.0964749732803663e-16
    ],
    [
     6.123233995736766e-17,
     -0.3090169943749475,
     0.9510565162951536,
     -3.4238034586625528
    ],
    [
     0.0,
     -0.9510565162951536,
     -0.3090169943749475,
     1.4624611797498108
    ],
    [
     0.0,
     0.0,
     0.0,
     1.0
    ]
   ],
   "split": "train",
   "fiducials_px": [
    [
     48.0,
     54.42808616048559
    ],
    [
     91.89883301839963,
     68.52386396923052
    ],
    [
     -0.34405970400339214,
     41.86591673135588
    ],
    [
     71.723895488313,
     35.96833699715587
    ],
    [
     24.73846653402105,
     41.733583884700806
    ],
    [
     48.0,
     25.517439883418852
    ],
    [
     85.97726444622299,
     31.23068490377214
    ],
    [
     37.65513150620612,
     16.679021071895985
    ]
   ],
   "fiducials_vis": [
    false,
    true,
    false,
    true,
    false,
    true,
    true,
    true
   ],
   "location_cm": [
    2.0964749732803663e-14,
    342.38034586625525,
    146.24611797498108
   ],
   "basis_ue": [
    [
     -5.823541592445462e-17,
     1.0,
     -1.8921833652170756e-17
    ],
    [
     -0.9510565162951535,
     -6.123233995736766e-17,
     -0.3090169943749475
    ],
    [
     -0.30901699437494745,
     0.0,
     0.9510565162951536
    ]
   ]
  },
  {
   "file_path": "images/train/cam_007.png",
   "transform_matrix": [
    [
     0.9659258262890683,
     -0.07997948340457497,
     0.24615153938604173,
     -0.8861455417897501
    ],
    [
     -0.25881904510252085,
     -0.2984874956289855,
     0.918650051349999,
     -3.307140184859996
    ],
    [
     0.0,
     -0.9510565162951536,
     -0.3090169943749475,
     1.4624611797498108
    ],
    [
     0.0,
     0.0,
     0.0,
     1.0
    ]
   ],
   "split": "train",
   "fiducials_px": [
    [
     48.00000000000001,
     54.428086160485584
    ],
    [
     95.4695331219726,
     62.612709859231
    ],
    [
     9.501169678810435,
     44.872977372132894
    ],
    [
     63.900870385824774,
     35.03378076899557
    ],
    [
     17.3571893537236,
     43.52445065059856
    ],
    [
     40.82156059377756,
     25.590326701546754
    ],
    [
     81.30653140683009,
     30.016490508986113
    ],
    [
     43.26621501977537,
     16.65075565451935
    ]
   ],
   "fiducials_vis": [
    true,
    true,
    true,
    true,
    true,
    true,
    true,
    true
   ],
   "location_cm": [
    -88.61455417897501,
    330.7140184859996,
    146.24611797498108
   ],
   "basis_ue": [
    [
     0.2461515393860417,
     0.9659258262890683,
     0.07997948340457497
    ],
    [
     -0.9186500513499989,
     0.25881904510252085,
     -0.2984874956289855
    ],
    [
     -0.30901699437494745,
     -0.0,
     0.9510565162951536
    ]
   ]
  },
  {
   "file_path": "images/train/cam_008.png",
   "transform_matrix": [
    [
     0.8660254037844388,
     -0.1545084971874737,
     0.47552825814757665,
     -1.7119017293312757
    ],
    [
     -0.4999999999999999,
     -0.26761656732981753,
     0.8236391035463321,
     -2.965100772766795
    ],
    [
     0.0,
     -0.9510565162951536,
     -0.3090169943749475,
     1.4624611797498108
    ],
    [
     0.0,
     0.0,
     0.0,
     1.0
    ]
   ],
   "split": "train",
   "fiducials_px": [
    [
     48.0,
     54.42808616048559
    ],
    [
     94.59231776873037,
     57.26431408114907
    ],
    [
     26.354181836326358,
     47.18533167834351
    ],
    [
     55.96973777016682,
     34.494587117363125
    ],
    [
     10.523712455640243,
     45.984089894817664
    ],
    [
     33.724339756982005,
     25.81245108464577
    ],
    [
     75.50272069281972,
     29.070348444221256
    ],
    [
     49.421136861782514,
     16.64446564127133
    ]
   ],
   "fiducials_vis": [
    true,
    true,
    true,
    true,
    true,
    true,
    true,
    true
   ],
   "location_cm": [
    -171.19017293312757,
    296.5100772766795,
    146.24611797498108
   ],
   "basis_ue": [
    [
     0.4755282581475766,
     0.8660254037844388,
     0.1545084971874737
    ],
    [
     -0.823639103546332,
     0.4999999999999999,
     -0.26761656732981753
    ],
    [
     -0.30901699437494745,
     -0.0,
     0.9510565162951536
    ]
   ]
  },
  {
   "file_path": "images/heldout_gt/cam_009.png",
   "transform_matrix": [
    [
     0.7071067811865476,
     -0.21850801222441055,
     0.6724985119639573,
     -2.4209946430702463
    ],
    [
     -0.7071067811865475,
     -0.21850801222441057,
     0.6724985119639574,
     -2.4209946430702467
    ],
    [
     0.0,
     -0.9510565162951536,
     -0.30901699437494745,
     1.4624611797498108
    ],
    [
     0.0,
     0.0,
     0.0,
     1.0
    ]
   ],
   "split": "heldout",
   "fiducials_px": [
    [
     48.0,
     54.42808616048559
    ],
    [
     90.73323606764858,
     52.78967294448303
    ],
    [
     48.0,
     48.067942486859494
    ],
    [
     48.00000000000001,
     34.3184199699034
    ],
    [
     4.718894660228699,
     49.21276995571465
    ],
    [
     26.819948324574426,
     26.194054195864535
    ],
    [
     69.02926744479645,
     28.36960156343564
    ],
    [
     55.41085987125386,
     16.661171121710517
    ]
   ],
   "fiducials_vis": [
    false,
    true,
    true,
    true,
    true,
    true,
    true,
    true
   ],
   "location_cm": [
    -242.09946430702462,
    242.09946430702465,
    146.24611797498108
   ],
   "basis_ue": [
    [
     0.6724985119639573,
     0.7071067811865476,
     0.21850801222441055
    ],
    [
     -0.6724985119639574,
     0.7071067811865475,
     -0.21850801222441057
    ],
    [
     -0.30901699437494745,
     -0.0,
     0.9510565162951536
    ]
   ]
  },
  {
   "file_path": "images/train/cam_010.png",
   "transform_matrix": [
    [
     0.5,
     -0.2676165673298175,
     0.823639103546332,
     -2.965100772766795
    ],
    [
     -0.8660254037844387,
     -0.15450849718747373,
     0.47552825814757677,
     -1.7119017293312764
    ],
    [
     0.0,
     -0.9510565162951536,
     -0.30901699437494745,
     1.4624611797498108
    ],
    [
     0.0,
     0.0,
     0.0,
     1.0
    ]
   ],
   "split": "train",
   "fiducials_px": [
    [
     48.0,
     54.42808616048559
    ],
    [
     85.05047409778595,
     49.231413053789254
    ],
    [
     69.64581816367362,
     47.18533167834351
    ],
    [
     40.03026222983317,
     34.494587117363125
    ],
    [
     0.7323028479238403,
     53.28500552971011
    ],
    [
     20.286598669336527,
     26.751450948230886
    ],
    [
     62.17875349540635,
     27.889465123820578
    ],
    [
     60.56577376336686,
     16.698203467930483
    ]
   ],
   "fiducials_vis": [
    false,
    true,
    true,
    true,
    true,
    true,
    true,
    true
   ],
   "location_cm": [
    -296.5100772766795,
    171.19017293312763,
    146.24611797498108
   ],
   "basis_ue": [
    [
     0.823639103546332,
     0.5,
     0.2676165673298175
    ],
    [
     -0.47552825814757677,
     0.8660254037844387,
     -0.15450849718747373
    ],
    [
     -0.30901699437494745,
     -0.0,
     0.9510565162951536
    ]
   ]
  },
  {
   "file_path": "images/train/cam_011.png",
   "transform_matrix": [
    [
     0.258819045102521,
     -0.29848749562898547,
     0.9186500513499989,
     -3.307140184859996
    ],
    [
     -0.9659258262890683,
     -0.079979483404575,
     0.24615153938604187,
     -0.8861455417897507
    ],
    [
     0.0,
     -0.9510565162951536,
     -0.30901699437494745,
     1.4624611797498108
    ],
    [
     0.0,
     0.0,
     0.0,
     1.0
    ]
   ],
   "split": "train",
   "fiducials_px": [
    [
     48.0,
     54.42808616048559
    ],
    [
     78.3249687482245,
     46.51442084358329
    ],
    [
     86.49883032118956,
     44.8729773721329
    ],
    [
     32.09912961417523,
     35.03378076899557
    ],
    [
     -0.2530015129844827,
     58.17012322218006
    ],
    [
     14.416261437866247,
     27.504904309066486
    ],
    [
     55.13109379540178,
     27.60983884934808
    ],
    [
     64.40340848981106,
     16.750104121440256
    ]
   ],
   "fiducials_vis": [
    true,
    true,
    true,
    true,
    false,
    true,
    true,
    true
   ],
   "location_cm": [
    -330.7140184859996,
    88.61455417897507,
    146.24611797498108
   ],
   "basis_ue": [
    [
     0.9186500513499989,
     0.258819045102521,
     0.29848749562898547
    ],
    [
     -0.24615153938604187,
     0.9659258262890683,
     -0.079979483404575
    ],
    [
     -0.30901699437494745,
     -0.0,
     0.9510565162951536
    ]
   ]
  },
  {
   "file_path": "images/train/cam_012.png",
   "transform_matrix": [
    [
     1.2246467991473532e-16,
     -0.3090169943749475,
     0.9510565162951536,
     -3.4238034586625528
    ],
    [
     -1.0,
     -3.784366730434151e-17,
     1.1647083184890926e-16,
     -4.1929499465607325e-16
    ],
    [
     0.0,
     -0.9510565162951536,
     -0.3090169943749475,
     1.4624611797498108
    ],
    [
     0.0,
     0.0,
     0.0,
     1.0
    ]
   ],
   "split": "train",
   "fiducials_px": [
    [
     48.0,
     54.42808616048559
    ],
    [
     71.03704556555095,
     44.532750136939
    ],
    [
     96.3440597040034,
     41.86591673135588
    ],
    [
     24.276104511687,
     35.96833699715587
    ],
    [
     3.2787448767766634,
     63.59181288876368
    ],
    [
     9.67431532004629,
     28.4732720591018
    ],
    [
     48.0,
     27.51805999185402
    ],
    [
     66.69497274527575,
     16.810245478736633
    ]
   ],
   "fiducials_vis": [
    false,
    false,
    false,
    true,
    true,
    true,
    true,
    true
   ],
   "location_cm": [
    -342.38034586625525,
    4.192949946560733e-14,
    146.24611797498108
   ],
   "basis_ue": [
    [
     0.9510565162951535,
     1.2246467991473532e-16,
     0.3090169943749475
    ],
    [
     -1.1647083184890923e-16,
     1.0,
     -3.784366730434151e-17
    ],
    [
     -0.30901699437494745,
     -0.0,
     0.9510565162951536
    ]
   ]
  },
  {
   "file_path": "images/heldout_gt/cam_013.png",
   "transform_matrix": [
    [
     -0.25881904510252085,
     -0.2984874956289855,
     0.918650051349999,
     -3.307140184859996
    ],
    [
     -0.9659258262890683,
     0.07997948340457497,
     -0.2461515393860417,
     0.88614554178975
    ],
    [
     0.0,
     -0.9510565162951536,
     -0.3090169943749475,
     1.4624611797498108
    ],
    [
     0.0,
     0.0,
     0.0,
     1.0
    ]
   ],
   "split": "heldout",
   "fiducials_px": [
    [
     48.0,
     54.428086160485584
    ],
    [
     63.46384912133641,
     43.18970740199477
    ],
    [
     99.66377305298862,
     38.82965175008124
    ],
    [
     16.701089409709176,
     37.352453540570686
    ],
    [
     12.719869816708858,
     68.86024759004943
    ],
    [
     6.760970755765179,
     29.66237570487359
    ],
    [
     40.86890620459822,
     27.609838849348076
    ],
    [
     67.44304318065703,
     16.872359468134086
    ]
   ],
   "fiducials_vis": [
    false,
    false,
    false,
    true,
    true,
    true,
    true,
    true
   ],
   "location_cm": [
    -330.7140184859996,
    -88.614554178975,
    146.24611797498108
   ],
   "basis_ue": [
    [
     0.9186500513499989,
     -0.25881904510252085,
     0.2984874956289855
    ],
    [
     0.24615153938604167,
     0.9659258262890683,
     0.07997948340457497
    ],
    [
     -0.30901699437494745,
     0.0,
     0.9510565162951536
    ]
   ]
  },
  {
   "file_path": "images/train/cam_014.png",
   "transform_matrix": [
    [
     -0.5000000000000001,
     -0.2676165673298175,
     0.8236391035463319,
     -2.9651007727667946
    ],
    [
     -0.8660254037844386,
     0.15450849718747375,
     -0.4755282581475769,
     1.7119017293312768
    ],
    [
     0.0,
     -0.9510565162951536,
     -0.30901699437494745,
     1.4624611797498108
    ],
    [
     0.0,
     0.0,
     0.0,
     1.0
    ]
   ],
   "split": "train",
   "fiducials_px": [
    [
     48.00000000000001,
     54.42808616048559
    ],
    [
     55.75746147405969,
     42.41298830641635
    ],
    [
     98.17706567427817,
     36.14312153802996
    ],
    [
     9.642032048866945,
     39.26025055445967
    ],
    [
     28.30577578279834,
     72.844875753827
    ],
    [
     6.632631307194231,
     31.043407996823895
    ],
    [
     33.82124650459365,
     27.88946512382057
    ],
    [
     66.80780448662685,
     16.931452281379467
    ]
   ],
   "fiducials_vis": [
    false,
    false,
    false,
    true,
    true,
    true,
    true,
    true
   ],
   "location_cm": [
    -296.51007727667945,
    -171.19017293312768,
    146.24611797498108
   ],
   "basis_ue": [
    [
     0.8236391035463319,
     -0.5000000000000001,
     0.2676165673298175
    ],
    [
     0.4755282581475769,
     0.8660254037844386,
     0.15450849718747375
    ],
    [
     -0.30901699437494745,
     0.0,
     0.9510565162951536
    ]
   ]
  },
  {
   "file_path": "images/train/cam_015.png",
   "transform_matrix": [
    [
     -0.7071067811865475,
     -0.2185080122244106,
     0.6724985119639575,
     -2.420994643070247
    ],
    [
     -0.7071067811865477,
     0.21850801222441052,
     -0.6724985119639573,
     2.4209946430702463
    ],
    [
     0.0,
     -0.9510565162951536,
     -0.30901699437494745,
     1.4624611797498108
    ],
    [
     0.0,
     0.0,
     0.0,
     1.0
    ]
   ],
   "split": "train",
   "fiducials_px": [
    [
     47.99999999999999,
     54.428086160485584
    ],
    [
     48.0,
     42.158922109209314
    ],
    [
     93.6206572759721,
     33.938413939083404
    ],
    [
     3.5799026895493498,
     41.77657305363078
    ],
    [
     47.999999999999986,
     74.35079170935339
    ],
    [
     10.385571363547811,
     32.521018446951096
    ],
    [
     26.97073255520356,
     28.369601563435634
    ],
    [
     65.02663830825016,
     16.984054768661164
    ]
   ],
   "fiducials_vis": [
    true,
    false,
    true,
    true,
    true,
    true,
    true,
    true
   ],
   "location_cm": [
    -242.0994643070247,
    -242.09946430702462,
    146.24611797498108
   ],
   "basis_ue": [
    [
     0.6724985119639574,
     -0.7071067811865475,
     0.2185080122244106
    ],
    [
     0.6724985119639572,
     0.7071067811865477,
     0.21850801222441052
    ],
    [
     -0.3090169943749474,
     0.0,
     0.9510565162951536
    ]
   ]
  },
  {
   "file_path": "images/train/cam_016.png",
   "transform_matrix": [
    [
     -0.8660254037844384,
     -0.1545084971874739,
     0.4755282581475772,
     -1.711901729331278
    ],
    [
     -0.5000000000000004,
     0.2676165673298174,
     -0.8236391035463316,
     2.965100772766794
    ],
    [
     0.0,
     -0.9510565162951536,
     -0.30901699437494745,
     1.4624611797498108
    ],
    [
     0.0,
     0.0,
     0.0,
     1.0
    ]
   ],
   "split": "train",
   "fiducials_px": [
    [
     48.0,
     54.428086160485584
    ],
    [
     40.242538525940326,
     42.412988306416345
    ],
    [
     87.28213332498171,
     32.21241388944689
    ],
    [
     -0.6789494987649576,
     44.96996265174003
    ],
    [
     67.69422421720164,
     72.844875753827
    ],
    [
     18.861920081173267,
     33.904279303849684
    ],
    [
     20.497279307180303,
     29.070348444221256
    ],
    [
     62.35373462364412,
     17.02803705644374
    ]
   ],
   "fiducials_vis": [
    true,
    false,
    true,
    false,
    true,
    true,
    true,
    true
   ],
   "location_cm": [
    -171.1901729331278,
    -296.5100772766794,
    146.24611797498108
   ],
   "basis_ue": [
    [
     0.4755282581475772,
     -0.8660254037844384,
     0.1545084971874739
    ],
    [
     0.8236391035463316,
     0.5000000000000004,
     0.2676165673298174
    ],
    [
     -0.30901699437494745,
     0.0,
     0.9510565162951536
    ]
   ]
  },
  {
   "file_path": "images/heldout_gt/cam_017.png",
   "transform_matrix": [
    [
     -0.9659258262890684,
     -0.0799794834045749,
     0.2461515393860415,
     -0.8861455417897492
    ],
    [
     -0.25881904510252063,
     0.2984874956289856,
     -0.918650051349999,
     3.307140184859996
    ],
    [
     0.0,
     -0.9510565162951536,
     -0.3090169943749475,
     1.4624611797498108
    ],
    [
     0.0,
     0.0,
     0.0,
     1.0
    ]
   ],
   "split": "heldout",
   "fiducials_px": [
    [
     48.0,
     54.428086160485584
    ],
    [
     32.536150878663584,
     43.18970740199477
    ],
    [
     79.9837210614991,
     30.91037365964116
    ],
    [
     -1.9001720205912278,
     48.82999186526941
    ],
    [
     83.28013018329113,
     68.86024759004941
    ],
    [
     31.953453689310045,
     34.917753035161205
    ],
    [
     14.693468593169904,
     30.016490508986116
    ],
    [
     59.026016127359746,
     17.062248798702203
    ]
   ],
   "fiducials_vis": [
    true,
    false,
    true,
    false,
    true,
    true,
    true,
    true
   ],
   "location_cm": [
    -88.61455417897493,
    -330.7140184859996,
    146.24611797498108
   ],
   "basis_ue": [
    [
     0.2461515393860415,
     -0.9659258262890684,
     0.0799794834045749
    ],
    [
     0.918650051349999,
     0.25881904510252063,
     0.2984874956289856
    ],
    [
     -0.3090169943749475,
     0.0,
     0.9510565162951536
    ]
   ]
  },
  {
   "file_path": "images/train/cam_018.png",
   "transform_matrix": [
    [
     -1.0,
     -5.676550095651227e-17,
     1.7470624777336386e-16,
     -6.289424919841099e-16
    ],
    [
     -1.8369701987210297e-16,
     0.3090169943749475,
     -0.9510565162951536,
     3.4238034586625528
    ],
    [
     0.0,
     -0.9510565162951536,
     -0.3090169943749475,
     1.4624611797498108
    ],
    [
     0.0,
     0.0,
     0.0,
     1.0
    ]
   ],
   "split": "train",
   "fiducials_px": [
    [
     48.0,
     54.42808616048559
    ],
    [
     24.96295443444906,
     44.532750136939
    ],
    [
     72.20501070439582,
     29.969254312834785
    ],
    [
     1.5378560373693517,
     53.15173275106836
    ],
    [
     92.72125512322333,
     63.59181288876368
    ],
    [
     47.999999999999986,
     35.293705310166644
    ],
    [
     10.022735553777018,
     31.230684903772136
    ],
    [
     55.25038685998147,
     17.086158425035674
    ]
   ],
   "fiducials_vis": [
    true,
    false,
    true,
    true,
    true,
    true,
    true,
    true
   ],
   "location_cm": [
    -6.289424919841098e-14,
    -342.38034586625525,
    146.24611797498108
   ],
   "basis_ue": [
    [
     1.7470624777336384e-16,
     -1.0,
     5.676550095651227e-17
    ],
    [
     0.9510565162951535,
     1.8369701987210297e-16,
     0.3090169943749475
    ],
    [
     -0.30901699437494745,
     0.0,
     0.9510565162951536
    ]
   ]
  },
  {
   "file_path": "images/train/cam_019.png",
   "transform_matrix": [
    [
     -0.9659258262890684,
     0.07997948340457482,
     -0.24615153938604123,
     0.8861455417897482
    ],
    [
     0.25881904510252035,
     0.2984874956289856,
     -0.9186500513499991,
     3.3071401848599966
    ],
    [
     0.0,
     -0.9510565162951536,
     -0.3090169943749475,
     1.4624611797498108
    ],
    [
     0.0,
     0.0,
     0.0,
     1.0
    ]
   ],
   "split": "train",
   "fiducials_px": [
    [
     48.0,
     54.428086160485584
    ],
    [
     17.675031251775504,
     46.51442084358329
    ],
    [
     64.20620427913302,
     29.33547490896945
    ],
    [
     11.180729672830864,
     57.38984992866624
    ],
    [
     96.25300151298447,
     58.17012322218007
    ],
    [
     64.04654631068993,
     34.917753035161205
    ],
    [
     7.178173213251775,
     32.71885047298032
    ],
    [
     51.20456583520173,
     17.099569150727703
    ]
   ],
   "fiducials_vis": [
    true,
    false,
    true,
    true,
    false,
    true,
    true,
    true
   ],
   "location_cm": [
    88.61455417897483,
    -330.71401848599965,
    146.24611797498108
   ],
   "basis_ue": [
    [
     -0.2461515393860412,
     -0.9659258262890684,
     -0.07997948340457482
    ],
    [
     0.918650051349999,
     -0.25881904510252035,
     0.2984874956289856
    ],
    [
     -0.30901699437494745,
     0.0,
     0.9510565162951536
    ]
   ]
  },
  {
   "file_path": "images/train/cam_020.png",
   "transform_matrix": [
    [
     -0.8660254037844386,
     0.15450849718747375,
     -0.4755282581475769,
     1.7119017293312768
    ],
    [
     0.5000000000000001,
     0.2676165673298175,
     -0.8236391035463319,
     2.9651007727667946
    ],
    [
     0.0,
     -0.9510565162951536,
     -0.30901699437494745,
     1.4624611797498108
    ],
    [
     0.0,
     0.0,
     0.0,
     1.0
    ]
   ],
   "split": "train",
   "fiducials_px": [
    [
     48.00000000000001,
     54.42808616048559
    ],
    [
     10.949525902214049,
     49.231413053789254
    ],
    [
     56.11782940769167,
     28.970423467579426
    ],
    [
     27.37604454525774,
     60.62077569902098
    ],
    [
     95.26769715207615,
     53.28500552971012
    ],
    [
     77.13807991882672,
     33.90427930384969
    ],
    [
     7.100298782898555,
     34.443353087073355
    ],
    [
     47.04520140530298,
     17.10242995468419
    ]
   ],
   "fiducials_vis": [
    true,
    true,
    true,
    true,
    true,
    true,
    true,
    true
   ],
   "location_cm": [
    171.19017293312768,
    -296.51007727667945,
    146.24611797498108
   ],
   "basis_ue": [
    [
     -0.4755282581475769,
     -0.8660254037844386,
     -0.15450849718747375
    ],
    [
     0.8236391035463319,
     -0.5000000000000001,
     0.2676165673298175
    ],
    [
     -0.30901699437494745,
     0.0,
     0.9510565162951536
    ]
   ]
  },
  {
   "file_path": "images/heldout_gt/cam_021.png",
   "transform_matrix": [
    [
     -0.7071067811865477,
     0.21850801222441052,
     -0.6724985119639572,
     2.420994643070246
    ],
    [
     0.7071067811865474,
     0.21850801222441063,
     -0.6724985119639575,
     2.420994643070247
    ],
    [
     0.0,
     -0.9510565162951536,
     -0.30901699437494745,
     1.4624611797498108
    ],
    [
     0.0,
     0.0,
     0.0,
     1.0
    ]
   ],
   "split": "heldout",
   "fiducials_px": [
    [
     48.0,
     54.428086160485584
    ],
    [
     5.266763932351431,
     52.789672944483016
    ],
    [
     48.0,
     28.85124897652704
    ],
    [
     47.99999999999998,
     61.8476264263838
    ],
    [
     91.28110533977133,
     49.21276995571465
    ],
    [
     85.61442863645217,
     32.52101844695109
    ],
    [
     10.858524797666782,
     36.28387357122672
    ],
    [
     42.91929797299155,
     17.09473528536567
    ]
   ],
   "fiducials_vis": [
    true,
    true,
    true,
    true,
    true,
    true,
    true,
    true
   ],
   "location_cm": [
    242.0994643070246,
    -242.0994643070247,
    146.24611797498108
   ],
   "basis_ue": [
    [
     -0.6724985119639572,
     -0.7071067811865477,
     -0.21850801222441052
    ],
    [
     0.6724985119639575,
     -0.7071067811865474,
     0.21850801222441063
    ],
    [
     -0.30901699437494745,
     0.0,
     0.9510565162951536
    ]
   ]
  },
  {
   "file_path": "images/train/cam_022.png",
   "transform_matrix": [
    [
     -0.5000000000000004,
     0.2676165673298174,
     -0.8236391035463316,
     2.965100772766794
    ],
    [
     0.8660254037844384,
     0.1545084971874739,
     -0.4755282581475772,
     1.711901729331278
    ],
    [
     0.0,
     -0.9510565162951536,
     -0.30901699437494745,
     1.4624611797498108
    ],
    [
     0.0,
     0.0,
     0.0,
     1.0
    ]
   ],
   "split": "train",
   "fiducials_px": [
    [
     48.0,
     54.428086160485584
    ],
    [
     1.4076822312696322,
     57.26431408114905
    ],
    [
     39.882170592308334,
     28.970423467579423
    ],
    [
     68.62395545474223,
     60.62077569902098
    ],
    [
     85.47628754435976,
     45.98408989481767
    ],
    [
     89.36736869280577,
     31.0434079968239
    ],
    [
     19.26280986969701,
     38.00259670227438
    ],
    [
     38.976750867734104,
     17.07650430329923
    ]
   ],
   "fiducials_vis": [
    true,
    true,
    true,
    true,
    true,
    true,
    true,
    true
   ],
   "location_cm": [
    296.5100772766794,
    -171.1901729331278,
    146.24611797498108
   ],
   "basis_ue": [
    [
     -0.8236391035463316,
     -0.5000000000000004,
     -0.2676165673298174
    ],
    [
     0.4755282581475772,
     -0.8660254037844384,
     0.1545084971874739
    ],
    [
     -0.30901699437494745,
     0.0,
     0.9510565162951536
    ]
   ]
  },
  {
   "file_path": "images/train/cam_023.png",
   "transform_matrix": [
    [
     -0.25881904510252074,
     0.2984874956289855,
     -0.918650051349999,
     3.307140184859996
    ],
    [
     0.9659258262890684,
     0.07997948340457492,
     -0.2461515393860416,
     0.8861455417897496
    ],
    [
     0.0,
     -0.9510565162951535,
     -0.3090169943749475,
     1.4624611797498108
    ],
    [
     0.0,
     0.0,
     0.0,
     1.0
    ]
   ],
   "split": "train",
   "fiducials_px": [
    [
     48.0,
     54.42808616048559
    ],
    [
     0.5304668780273971,
     62.61270985923101
    ],
    [
     31.79379572086698,
     29.335474908969456
    ],
    [
     84.81927032716911,
     57.38984992866624
    ],
    [
     78.6428106462764,
     43.52445065059856
    ],
    [
     89.23902924423481,
     29.662375704873593
    ],
    [
     32.188124192577504,
     39.25923841505341
    ],
    [
     35.382573205147516,
     17.04783723824731
    ]
   ],
   "fiducials_vis": [
    true,
    true,
    true,
    true,
    true,
    true,
    true,
    true
   ],
   "location_cm": [
    330.7140184859996,
    -88.61455417897496,
    146.24611797498108
   ],
   "basis_ue": [
    [
     -0.918650051349999,
     -0.25881904510252074,
     -0.2984874956289855
    ],
    [
     0.2461515393860416,
     -0.9659258262890684,
     0.07997948340457492
    ],
    [
     -0.3090169943749475,
     0.0,
     0.9510565162951535
    ]
   ]
  },
  {
   "file_path": "images/train/cam_024.png",
   "transform_matrix": [
    [
     0.0,
     0.5591929034707469,
     -0.8290375725550417,
     2.9845352611981504
    ],
    [
     1.0,
     -0.0,
     0.0,
     0.0
    ],
    [
     0.0,
     -0.8290375725550417,
     -0.5591929034707469,
     2.363094452494689
    ],
    [
     0.0,
     0.0,
     0.0,
     1.0
    ]
   ],
   "split": "train",
   "fiducials_px": [
    [
     48.0,
     53.502468302118075
    ],
    [
     7.2753641946392165,
     76.39996954066584
    ],
    [
     22.191483063640263,
     23.76145495700726
    ],
    [
     92.8813638586347,
     65.34560330401987
    ],
    [
     71.93537623206807,
     35.442312727859544
    ],
    [
     88.5866135051232,
     29.974378104365886
    ],
    [
     48.0,
     58.837922943090796
    ],
    [
     30.741575770773817,
     15.751165075479214
    ]
   ],
   "fiducials_vis": [
    false,
    true,
    true,
    true,
    true,
    true,
    true,
    true
   ],
   "location_cm": [
    298.453526119815,
    0.0,
    236.3094452494689
   ],
   "basis_ue": [
    [
     -0.8290375725550416,
     -0.0,
     -0.5591929034707469
    ],
    [
     0.0,
     -1.0,
     0.0
    ],
    [
     -0.5591929034707468,
     0.0,
     0.8290375725550417
    ]
   ]
  },
  {
   "file_path": "images/heldout_gt/cam_025.png",
   "transform_matrix": [
    [
     0.25881904510252074,
     0.5401388673399643,
     -0.800788802294912,
     2.8828396882616834
    ],
    [
     0.9659258262890683,
     -0.14472977330440473,
     0.21457071288280763,
     -0.7724545663781076
    ],
    [
     0.0,
     -0.8290375725550417,
     -0.5591929034707468,
     2.363094452494689
    ],
    [
     0.0,
     0.0,
     0.0,
     1.0
    ]
   ],
   "split": "heldout",
   "fiducials_px": [
    [
     48.0,
     53.50246830211809
    ],
    [
     16.6211078094145,
     84.52366709218515
    ],
    [
     14.086218625622124,
     26.529221838974863
    ],
    [
     97.15815999247118,
     56.938330822667524
    ],
    [
     64.14404481920714,
     33.15233792052963
    ],
    [
     83.82051396850551,
     26.162751831150537
    ],
    [
     63.79400104146233,
     57.472564620908464
    ],
    [
     28.25087882125162,
     17.090308110375396
    ]
   ],
   "fiducials_vis": [
    false,
    true,
    true,
    false,
    true,
    true,
    true,
    true
   ],
   "location_cm": [
    288.28396882616835,
    77.24545663781076,
    236.3094452494689
   ],
   "basis_ue": [
    [
     -0.800788802294912,
     0.25881904510252074,
     -0.5401388673399643
    ],
    [
     -0.21457071288280763,
     -0.9659258262890683,
     -0.14472977330440473
    ],
    [
     -0.5591929034707468,
     0.0,
     0.8290375725550417
    ]
   ]
  },
  {
   "file_path": "images/train/cam_026.png",
   "transform_matrix": [
    [
     0.49999999999999994,
     0.4842752600216462,
     -0.7179675985244509,
     2.584683354688023
    ],
    [
     0.8660254037844387,
     -0.2795964517353734,
     0.4145187862775208,
     -1.492267630599075
    ],
    [
     0.0,
     -0.8290375725550417,
     -0.5591929034707469,
     2.363094452494689
    ],
    [
     0.0,
     0.0,
     0.0,
     1.0
    ]
   ],
   "split": "train",
   "fiducials_px": [
    [
     48.00000000000001,
     53.50246830211808
    ],
    [
     30.786789200425268,
     90.42078387809423
    ],
    [
     6.663927551994334,
     30.308297478816236
    ],
    [
     96.8196617696508,
     49.14229620323821
    ],
    [
     56.12124486036586,
     31.81791234989796
    ],
    [
     77.72540573745638,
     23.158948910196383
    ],
    [
     76.92617548631011,
     53.74849645226263
    ],
    [
     26.881120400958075,
     18.639940474872947
    ]
   ],
   "fiducials_vis": [
    false,
    true,
    true,
    false,
    true,
    true,
    true,
    true
   ],
   "location_cm": [
    258.4683354688023,
    149.22676305990748,
    236.3094452494689
   ],
   "basis_ue": [
    [
     -0.7179675985244509,
     0.49999999999999994,
     -0.4842752600216462
    ],
    [
     -0.4145187862775208,
     -0.8660254037844387,
     -0.2795964517353734
    ],
    [
     -0.5591929034707469,
     0.0,
     0.8290375725550417
    ]
   ]
  },
  {
   "file_path": "images/train/cam_027.png",
   "transform_matrix": [
    [
     0.7071067811865476,
     0.3954090940355596,
     -0.5862180894121044,
     2.1103851218835756
    ],
    [
     0.7071067811865476,
     -0.3954090940355596,
     0.5862180894121044,
     -2.1103851218835756
    ],
    [
     0.0,
     -0.8290375725550417,
     -0.5591929034707469,
     2.363094452494689
    ],
    [
     0.0,
     0.0,
     0.0,
     1.0
    ]
   ],
   "split": "train",
   "fiducials_px": [
    [
     48.0,
